Date,Open,High,Low,Close,Volume
2016-10-28,130.5,132.97,129.93,131.29,24545547
2016-10-27,131.74,131.8,129.27,129.69,16741393
2016-10-26,131.64,132.26,130.94,131.04,13084731
2016-10-25,133.5,133.5,132.22,132.29,13336787
2016-10-24,132.72,133.4,132.15,133.28,17470227
2016-10-21,129.78,132.13,129.7,132.07,19088794
2016-10-20,130.07,130.66,129.5,130.0,13167503
2016-10-19,128.74,130.47,128.6,130.11,16752321
2016-10-18,128.68,129.39,128.01,128.57,13503967
2016-10-17,128.2,128.47,127.32,127.54,11351681
2016-10-14,128.49,128.95,127.58,127.88,13345292
2016-10-13,128.21,128.25,126.75,127.82,17139306
2016-10-12,129.01,129.66,128.46,129.05,11072991
2016-10-11,130.23,130.64,128.23,128.88,17537928
2016-10-10,129.68,130.7,129.2,130.24,15138720
2016-10-07,129.04,129.25,128.33,128.99,12804420
2016-10-06,128.43,129.06,128.08,128.74,11682729
2016-10-05,128.25,128.8,127.83,128.47,12386753
2016-10-04,129.17,129.28,127.55,128.19,14307548
2016-10-03,128.38,129.09,127.8,128.77,13156943
2016-09-30,128.03,128.59,127.45,128.27,18402945
2016-09-29,129.18,129.29,127.55,128.09,14532241
2016-09-28,129.21,129.47,128.4,129.23,12047636
2016-09-27,127.61,129.01,127.43,128.69,15637111
2016-09-26,127.37,128.16,126.8,127.31,15064940
2016-09-23,127.56,128.6,127.3,127.96,28326266
2016-09-22,130.5,130.73,129.56,130.08,15538307
2016-09-21,129.13,130.0,128.39,129.94,14068336
2016-09-20,128.65,129.17,128.03,128.64,11083808
2016-09-19,129.91,129.94,128.26,128.65,14958794
2016-09-16,128.2,129.18,128.2,129.07,24119174
2016-09-15,127.98,129.1,127.67,128.35,15111838
2016-09-14,126.89,128.8,126.89,127.77,15720388
2016-09-13,128.03,128.35,126.66,127.21,18016152
2016-09-12,125.96,128.76,125.75,128.69,21252752
2016-09-09,129.71,129.95,127.1,127.1,27100679
2016-09-08,130.92,131.08,129.81,130.27,15676595
2016-09-07,130.04,131.98,129.95,131.05,27990796
2016-09-06,126.67,129.94,126.47,129.73,26278407
2016-09-02,126.85,126.86,126.0,126.51,12118773
2016-09-01,126.38,126.63,125.6,126.17,13536125
2016-08-31,125.6,126.22,125.1,126.12,14200636
2016-08-30,126.6,126.6,125.15,125.84,17804286
2016-08-29,124.35,126.73,124.35,126.54,15925900
2016-08-26,124.05,125.19,123.91,124.96,17504825
2016-08-25,123.12,124.37,123.1,123.89,10730811
2016-08-24,124.47,124.69,123.09,123.48,12243719
2016-08-23,124.51,125.09,124.25,124.37,13309452
2016-08-22,123.33,124.83,123.11,124.15,14386361
2016-08-19,123.6,124.16,123.28,123.56,11688265
2016-08-18,124.01,124.26,123.64,123.91,12400816
2016-08-17,123.66,124.38,122.85,124.37,13794179
2016-08-16,123.5,123.92,122.78,123.3,14222410
2016-08-15,124.91,124.92,123.7,123.9,19295130
2016-08-12,124.7,125.0,124.18,124.88,12158955
2016-08-11,125.2,125.38,124.75,124.9,11729519
2016-08-10,125.07,125.48,124.54,124.88,10670148
2016-08-09,125.34,126.09,124.53,125.06,19620967
2016-08-08,125.25,125.45,124.55,125.26,15233929
2016-08-05,124.98,125.84,124.62,125.15,20184035
2016-08-04,122.94,124.79,122.51,124.36,21065974
2016-08-03,123.09,123.92,122.31,122.51,18525332
2016-08-02,124.06,124.8,122.07,123.09,23968414
2016-08-01,123.85,124.58,122.86,124.31,25006850
2016-07-29,124.65,125.84,123.71,123.94,35058803
2016-07-28,127.52,128.33,123.63,125.0,78955758
2016-07-27,122.42,125.0,121.51,123.34,52654239
2016-07-26,122.0,122.07,120.75,121.22,17611964
2016-07-25,121.39,121.85,117.78,121.63,18487449
2016-07-22,119.9,121.01,119.31,121.0,18422410
2016-07-21,121.92,122.1,120.25,120.61,17801663
2016-07-20,121.25,122.2,120.56,121.92,20046452
2016-07-19,118.99,120.85,118.66,120.61,21541292
2016-07-18,117.32,119.61,116.89,119.37,20868367
2016-07-15,117.74,118.28,116.58,116.86,16645964
2016-07-14,117.5,117.64,116.7,117.29,14579736
2016-07-13,118.39,118.4,116.68,116.78,16207662
2016-07-12,118.63,118.72,117.57,117.93,15217700
2016-07-11,117.71,118.7,117.5,117.87,17711570
2016-07-08,116.43,117.5,115.85,117.24,18142597
2016-07-07,116.63,116.97,115.36,115.85,16630201
2016-07-06,113.36,116.79,112.97,116.7,24337586
2016-07-05,113.94,114.11,112.97,114.0,14207037
2016-07-01,114.2,115.13,113.81,114.19,14980023
2016-06-30,114.67,115.18,113.67,114.28,23192716
2016-06-29,113.37,114.25,113.04,114.16,20968273
2016-06-28,110.63,112.75,110.55,112.7,26813842
2016-06-27,111.57,111.57,108.23,108.97,36409606
2016-06-24,111.01,113.68,111.0,112.08,40643130
2016-06-23,114.37,115.09,113.54,115.08,16176895
2016-06-22,114.65,114.74,113.61,113.91,14846329
2016-06-21,114.12,115.21,113.97,114.38,19166269
2016-06-20,113.77,114.72,112.75,113.37,20785390
2016-06-17,114.42,114.43,112.56,113.02,24644308
2016-06-16,113.87,114.5,112.94,114.39,19236255
2016-06-15,115.3,115.44,114.07,114.6,19819432
2016-06-14,114.07,114.95,113.58,114.94,17618479
2016-06-13,115.0,115.48,113.31,113.95,31718239
2016-06-10,117.54,118.11,116.26,116.62,18510826
2016-06-09,118.13,118.68,117.71,118.56,13859240
2016-06-08,117.76,118.6,117.27,118.39,14505596
2016-06-07,119.24,119.3,117.67,117.76,17103023
2016-06-06,118.62,119.43,118.36,118.79,12744676
2016-06-03,118.98,118.98,117.86,118.47,14135114
2016-06-02,118.69,119.44,118.22,118.93,13228310
2016-06-01,118.5,119.08,117.82,118.78,15029494
2016-05-31,119.46,120.1,118.12,118.81,23547597
2016-05-27,119.56,119.85,119.01,119.38,13464434
2016-05-26,118.24,119.76,117.92,119.47,18191472
2016-05-25,118.13,118.66,117.38,117.89,20019778
2016-05-24,116.24,117.73,116.12,117.7,20074093
2016-05-23,117.42,117.6,115.94,115.97,20367390
2016-05-20,116.96,117.99,116.95,117.35,18870608
2016-05-19,117.05,117.49,115.88,116.81,20485379
2016-05-18,116.8,118.27,116.73,117.65,21571824
2016-05-17,118.82,119.01,117.2,117.35,21269720
2016-05-16,119.38,119.61,117.35,118.67,31178289
2016-05-13,120.38,120.64,119.68,119.81,18047101
2016-05-12,119.98,120.84,118.9,120.28,21636556
2016-05-11,120.41,121.08,119.42,119.52,21927392
2016-05-10,119.62,120.5,119.0,120.5,22803690
2016-05-09,119.54,120.28,118.9,119.24,21077084
2016-05-06,117.16,119.64,117.11,119.49,26216236
2016-05-05,118.04,118.98,117.25,117.81,21999237
2016-05-04,116.61,118.3,116.57,118.06,23380209
2016-05-03,117.52,118.16,117.02,117.43,23746203
2016-05-02,117.83,118.73,116.57,118.57,27769280
2016-04-29,116.82,117.84,115.84,117.58,37031156
2016-04-28,119.58,120.79,116.23,116.73,86746016
2016-04-27,107.94,108.94,106.31,108.89,44036820
2016-04-26,110.49,110.5,108.15,108.76,22189916
2016-04-25,109.87,110.67,109.07,110.1,20979671
2016-04-22,111.21,111.75,109.01,110.56,38330597
2016-04-21,112.55,114.04,112.31,113.44,20409388
2016-04-20,112.43,113.27,111.56,112.42,20998319
2016-04-19,111.1,112.45,109.16,112.29,30147644
2016-04-18,109.74,110.81,109.2,110.45,21092654
2016-04-15,110.79,110.97,109.2,109.64,20763396
2016-04-14,110.62,112.04,110.26,110.84,28430914
2016-04-13,112.23,112.65,106.52,110.51,88113011
2016-04-12,109.34,111.16,108.99,110.61,26175943
2016-04-11,110.7,110.91,108.77,108.99,39563863
2016-04-08,114.25,114.33,109.9,110.63,48424776
2016-04-07,113.79,114.89,113.07,113.64,20324759
2016-04-06,112.47,113.81,112.42,113.71,20522412
2016-04-05,112.11,113.32,111.9,112.22,22752484
2016-04-04,114.07,114.55,111.61,112.55,48382180
2016-04-01,113.75,116.17,113.35,116.06,24725954
2016-03-31,114.7,115.01,113.77,114.1,21138743
2016-03-30,116.73,116.99,114.36,114.7,33180317
2016-03-29,113.83,116.32,113.64,116.14,29765753
2016-03-28,113.32,114.59,112.95,113.69,21312750
2016-03-24,112.13,113.09,111.68,113.05,17063766
2016-03-23,112.01,113.19,112.0,112.54,18468742
2016-03-22,111.36,112.88,111.17,112.25,18957831
2016-03-21,111.66,112.37,111.03,111.85,18394520
2016-03-18,111.56,112.42,110.27,111.45,36216958
2016-03-17,112.15,112.69,110.73,111.02,24204773
2016-03-16,110.49,112.5,110.1,112.18,24619730
2016-03-15,109.11,110.83,108.84,110.67,17618460
2016-03-14,109.28,110.33,108.77,109.89,17236054
2016-03-11,108.48,109.42,107.92,109.41,20581320
2016-03-10,107.91,108.66,105.77,107.32,24780710
2016-03-09,106.7,107.51,105.49,107.51,20449881
2016-03-08,104.78,107.37,104.4,105.93,25493546
2016-03-07,108.07,108.07,104.72,105.73,31436401
2016-03-04,110.05,110.05,107.93,108.39,24872895
2016-03-03,110.25,110.3,108.54,109.58,21333496
2016-03-02,109.68,110.55,108.77,109.95,25641627
2016-03-01,107.83,109.82,107.6,109.82,26694696
2016-02-29,107.6,108.91,106.75,106.92,32243645
2016-02-26,108.7,109.45,107.16,107.92,26578891
2016-02-25,107.11,108.07,105.61,108.07,29796180
2016-02-24,104.21,106.95,102.74,106.88,34239396
2016-02-23,106.85,107.47,105.12,105.46,25204873
2016-02-22,105.49,108.25,105.34,107.16,35630883
2016-02-19,102.55,105.02,102.06,104.57,32337444
2016-02-18,105.8,106.0,103.03,103.47,29374587
2016-02-17,101.94,105.72,100.4,105.2,43852623
2016-02-16,103.8,103.93,100.24,101.61,45438324
2016-02-12,103.74,104.24,101.09,102.01,36038104
2016-02-11,99.6,105.11,98.88,101.91,43493102
2016-02-10,101.55,103.25,100.24,101.0,44943948
2016-02-09,97.14,102.4,96.82,99.54,62580050
2016-02-08,100.41,102.68,97.46,99.75,71016537
2016-02-05,109.51,109.58,103.18,104.07,76522716
2016-02-04,111.8,111.94,109.25,110.49,38648485
2016-02-03,115.27,115.34,109.75,112.69,56848084
2016-02-02,114.8,117.59,113.2,114.61,59644925
2016-02-01,112.27,115.72,112.01,115.09,45840867
2016-01-29,108.99,112.84,108.84,112.21,62357459
2016-01-28,107.2,110.34,104.81,109.11,107084072
2016-01-27,97.79,97.85,94.23,94.45,48311872
2016-01-26,97.76,97.88,95.66,97.34,26637412
2016-01-25,98.72,99.48,96.93,97.01,32319141
2016-01-22,96.41,98.07,95.49,97.94,30331442
2016-01-21,94.91,95.99,92.62,94.16,30468830
2016-01-20,92.83,95.0,89.37,94.35,58982367
2016-01-19,96.53,97.42,93.92,95.26,30620565
2016-01-15,93.98,96.38,93.54,94.97,45935550
2016-01-14,95.85,98.87,92.45,98.37,48488509
2016-01-13,100.58,100.58,95.21,95.44,33091576
2016-01-12,99.0,99.96,97.55,99.37,28395390
2016-01-11,97.91,98.6,95.39,97.51,29932385
2016-01-08,99.88,100.5,97.03,97.33,35402298
2016-01-07,100.5,101.43,97.3,97.92,45172906
2016-01-06,101.13,103.77,100.9,102.97,25096183
2016-01-05,102.89,103.71,101.66,102.73,23258238
2016-01-04,101.95,102.24,99.75,102.22,37717312
2015-12-31,106.0,106.17,104.62,104.66,18391064
2015-12-30,107.0,107.25,106.06,106.22,13115007
2015-12-29,106.42,107.74,106.25,107.26,17179901
2015-12-28,105.02,105.98,104.53,105.93,13069733
2015-12-24,104.74,105.32,104.5,105.02,6512134
2015-12-23,105.89,106.11,103.86,104.63,19599673
2015-12-22,105.22,105.66,104.81,105.51,14597122
2015-12-21,104.91,105.15,103.6,104.77,16138786
2015-12-18,106.08,106.59,103.97,104.04,35994199
2015-12-17,107.49,107.75,106.13,106.22,21675686
2015-12-16,105.37,107.09,104.19,106.79,22680547
2015-12-15,105.3,105.8,104.28,104.55,21764331
2015-12-14,102.28,104.74,101.46,104.66,24648093
2015-12-11,104.15,104.34,101.91,102.12,26427727
2015-12-10,105.05,106.4,104.41,105.42,17454312
2015-12-09,106.18,106.44,103.55,104.6,23517268
2015-12-08,104.0,106.91,103.95,106.49,20401791
2015-12-07,106.48,106.83,104.66,105.61,15474890
2015-12-04,104.75,107.73,104.11,106.18,21224721
2015-12-03,103.95,106.85,103.35,104.38,23236485
2015-12-02,107.0,107.92,105.79,106.07,24295162
2015-12-01,104.83,107.15,104.5,107.12,22715616
2015-11-30,105.84,106.1,103.75,104.24,20008996
2015-11-27,105.78,105.96,104.86,105.45,5912671
2015-11-25,106.33,106.6,105.1,105.41,15150785
2015-11-24,106.0,106.49,104.39,105.74,23462829
2015-11-23,107.19,107.47,106.08,106.95,19733283
2015-11-20,106.84,107.87,106.62,107.32,22085405
2015-11-19,107.36,107.73,105.95,106.26,25477683
2015-11-18,105.8,107.88,105.39,107.77,23679764
2015-11-17,104.62,106.2,104.14,105.13,26649223
2015-11-16,103.32,104.17,100.47,104.04,49140589
2015-11-13,107.71,108.25,103.83,103.95,29438853
2015-11-12,108.48,109.39,108.0,108.02,20763843
2015-11-11,108.27,109.87,107.11,109.01,25003046
2015-11-10,106.17,108.15,105.24,107.91,24409940
2015-11-09,107.0,108.25,105.86,106.49,26326885
2015-11-06,108.04,108.74,105.91,107.1,34898019
2015-11-05,108.8,110.65,107.95,108.76,63013501
2015-11-04,103.19,104.14,102.48,103.94,38606400
2015-11-03,103.22,103.65,102.4,102.58,21096752
2015-11-02,101.72,103.47,101.18,103.31,23876266
